CSGO 730
Rust 252490
GTA V 271590
VR Chat 438100
Rocket league 252950
Cyberpunk 	1091500
Hunt Showdown 594650
Arma 3 	107410
Rainbow Six Siege 359550

730, 252490, 271590, 438100, 252950, 1091500, 594650, 107410, 359550

FREE
386360, 252950, 438100, 440, 588430, 1172470,
1284210, 1549250, 304930, 578080, 2262970, 736590,
2142850, 2271530, 1786950, 2056220, 1675900, 2222850,
2070880, 1799370, 2176310, 2178010, 1448310, 1399720,
2211280, 1961460, 2200380, 2157110, 1869590, 230410


386360, 252950, 438100, 440, 588430, 1172470, 1284210, 1549250, 304930, 578080, 2262970, 736590, 2142850, 2271530, 1786950, 2056220, 1675900, 2222850, 2070880, 1799370, 2176310, 2178010, 1448310, 1399720 2211280, 1961460, 2200380, 2157110, 1869590, 230410


CROMOS

287630, 539720, 389270, 1157340, 1140440,	485920,
502100, 438000, 618140, 603190, 525690, 506760,
461840, 439930, 490910, 726360, 1262060, 585950,
470270, 551110, 544650, 1271710, 578850, 545670,
636150, 438480, 286040, 488280, 576810, 1274300,
576130



CROMOS
287630, 539720, 389270, 1157340, 1140440,	485920, 502100, 438000, 618140, 603190, 525690, 506760, 461840, 439930, 490910, 726360, 1262060, 585950, 470270, 551110, 544650, 1271710, 578850, 545670, 636150, 438480, 286040, 488280, 576810, 1274300, 576130, 252490, 730
